3.083483049631728701e+00
2.631709195768741516e+00
2.427164376849103800e+00
2.241982923139391737e+00
2.107672140116581883e+00
1.964374560529313696e+00
1.874016602935693498e+00
1.807421523591746348e+00
1.729851396187491952e+00
1.671678311989435395e+00
1.634231074691733454e+00
1.584676868470428435e+00
1.546132065146170520e+00
1.506102901590449683e+00
1.484887294757091691e+00
1.450819569780393614e+00
1.440115787793913249e+00
1.410155327728642272e+00
1.377158002475338483e+00
1.369011401215477708e+00
1.342687472358079281e+00
1.318023168217495655e+00
1.311633935974686915e+00
1.274658234375517063e+00
1.269319010207720089e+00
1.247479868209575349e+00
1.231593799865459138e+00
1.217137732926536930e+00
1.214902861801254730e+00
1.198777339799934616e+00
1.186892884009329574e+00
1.157960440191771356e+00
1.152419911321166834e+00
1.146094671143290222e+00
1.130462245563107038e+00
1.123595163035575606e+00
1.115476175342374532e+00
1.102149296904463949e+00
1.085603465357095176e+00
1.089917310668379491e+00
1.072392308955912199e+00
1.081816749347140449e+00
1.056991053664166014e+00
1.041883181885380205e+00
1.047913042785566518e+00
1.043288856668545428e+00
1.028963346767913345e+00
1.031556413301726538e+00
1.011850062081271151e+00
1.005368681972289124e+00
