2.867999999999999994e-01
3.979400000000000159e-01
4.554799999999999960e-01
5.019000000000000128e-01
5.357600000000000140e-01
5.748400000000000176e-01
5.968599999999999461e-01
6.167200000000000459e-01
6.330599999999999561e-01
6.469599999999999795e-01
6.574400000000000244e-01
6.677800000000000402e-01
6.797800000000000509e-01
6.899800000000000377e-01
6.922000000000000375e-01
7.022000000000000464e-01
7.038400000000000212e-01
7.099600000000000355e-01
7.180999999999999606e-01
7.196000000000000174e-01
7.287599999999999634e-01
7.329200000000000159e-01
7.358400000000000496e-01
7.428399999999999448e-01
7.429799999999999738e-01
7.489000000000000101e-01
7.532799999999999496e-01
7.561200000000000143e-01
7.550400000000000444e-01
7.590799999999999770e-01
7.619200000000000417e-01
7.684600000000000319e-01
7.720000000000000195e-01
7.733600000000000474e-01
7.761400000000000521e-01
7.789800000000000058e-01
7.808199999999999585e-01
7.802200000000000246e-01
7.847600000000000131e-01
7.845600000000000351e-01
7.906800000000000495e-01
7.868600000000000039e-01
7.925799999999999512e-01
7.954999999999999849e-01
7.951200000000000490e-01
7.976999999999999647e-01
7.990399999999999725e-01
7.983799999999999786e-01
8.023400000000000531e-01
8.066400000000000237e-01
