2.009592815738199700e+00
1.702788043814851715e+00
1.460879839289828563e+00
1.286943453961930883e+00
1.138945866576241084e+00
1.034536901794736119e+00
9.553764392347896539e-01
9.032461220955909642e-01
8.533228035168269887e-01
8.207956249146814987e-01
7.837486892100185010e-01
7.451655593369622688e-01
7.281070187725984244e-01
5.918838977051512629e-01
5.557691662970101198e-01
5.357266837526160064e-01
5.210110686166816718e-01
5.079101438412580993e-01
5.045234591454801354e-01
4.901755885090059439e-01
4.845507403316400286e-01
4.763831642582593284e-01
4.609672767884286371e-01
4.517943586229973274e-01
4.382120880019634290e-01
4.365417357448421742e-01
4.338772808728010855e-01
4.312553635567350496e-01
4.323947075230386017e-01
4.341900845622772565e-01
4.214730284479268341e-01
4.343993553648824446e-01
4.317367967513516258e-01
4.335818241929154104e-01
4.320399031004942270e-01
4.314523175015778644e-01
4.315155418327702441e-01
4.325573730194355315e-01
4.325271246911924772e-01
4.269737880629346782e-01
4.289931597764534699e-01
4.271576210970768894e-01
4.278023613002294168e-01
4.315073331984717320e-01
4.317492674607449898e-01
4.267176666375621097e-01
4.321977792645964045e-01
4.291696746635924598e-01
4.287671696804368771e-01
4.280428328858617015e-01
