2.592999999999999750e-01
3.723000000000000198e-01
4.704800000000000093e-01
5.407199999999999784e-01
5.977799999999999780e-01
6.351599999999999469e-01
6.632599999999999607e-01
6.850600000000000023e-01
7.017400000000000304e-01
7.139600000000000390e-01
7.250199999999999978e-01
7.389599999999999502e-01
7.446199999999999486e-01
7.936199999999999921e-01
8.045400000000000329e-01
8.132200000000000539e-01
8.198600000000000332e-01
8.210600000000000120e-01
8.217999999999999750e-01
8.274799999999999933e-01
8.305799999999999850e-01
8.341199999999999726e-01
8.372800000000000242e-01
8.427000000000000046e-01
8.460600000000000342e-01
8.477000000000000091e-01
8.499999999999999778e-01
8.490999999999999659e-01
8.486799999999999899e-01
8.466200000000000392e-01
8.537000000000000144e-01
8.496399999999999508e-01
8.495599999999999818e-01
8.496200000000000419e-01
8.486200000000000410e-01
8.488999999999999879e-01
8.489999999999999769e-01
8.483800000000000230e-01
8.498799999999999688e-01
8.510999999999999677e-01
8.485599999999999810e-01
8.504199999999999537e-01
8.498200000000000198e-01
8.495800000000000018e-01
8.489799999999999569e-01
8.507799999999999807e-01
8.483000000000000540e-01
8.508799999999999697e-01
8.501199999999999868e-01
8.495399999999999618e-01
