2.500800000000000245e-01
3.593199999999999728e-01
4.596999999999999975e-01
5.413999999999999924e-01
6.011600000000000277e-01
6.474199999999999955e-01
6.758800000000000363e-01
6.954200000000000381e-01
7.158600000000000518e-01
7.272199999999999775e-01
7.369200000000000195e-01
7.832200000000000273e-01
7.982200000000000406e-01
8.068199999999999816e-01
8.148999999999999577e-01
8.172000000000000375e-01
8.220600000000000129e-01
8.267799999999999594e-01
8.308600000000000430e-01
8.324399999999999578e-01
8.357200000000000184e-01
8.403599999999999959e-01
8.434399999999999675e-01
8.452399999999999913e-01
8.466000000000000192e-01
8.566000000000000281e-01
8.566599999999999770e-01
8.619999999999999885e-01
8.578000000000000069e-01
8.628200000000000314e-01
8.623600000000000154e-01
8.589200000000000168e-01
8.595399999999999707e-01
8.620400000000000285e-01
8.607399999999999496e-01
8.615599999999999925e-01
8.591999999999999638e-01
8.609400000000000386e-01
8.622400000000000064e-01
8.632999999999999563e-01
8.593600000000000128e-01
8.618400000000000505e-01
8.616000000000000325e-01
8.594199999999999617e-01
8.633399999999999963e-01
8.583399999999999919e-01
8.610600000000000476e-01
8.586200000000000498e-01
8.629799999999999693e-01
8.609799999999999676e-01
