2.044687268983982342e+00
1.738317782006910006e+00
1.489757760101572126e+00
1.280229821991737627e+00
1.117694414027816441e+00
1.005237737580028545e+00
9.234333236504088660e-01
8.712324144895119415e-01
8.129102638005600845e-01
7.786083744310051680e-01
7.514525753305391076e-01
6.192330877341882811e-01
5.768127455125988678e-01
5.513139972296516866e-01
5.282598881008070402e-01
5.210087275718484623e-01
5.114012622772274863e-01
4.998682810522406261e-01
4.911135632516173133e-01
4.821423636677930058e-01
4.757221324364547810e-01
4.615084721761591458e-01
4.479995046735114617e-01
4.416269381409105854e-01
4.396337050839763116e-01
4.133021495378840782e-01
4.099062346970028803e-01
3.980461035847968621e-01
4.091428652443849234e-01
4.005102227487222777e-01
3.963575931003941455e-01
3.993985171208296325e-01
3.997654241445424139e-01
3.993348207924982129e-01
3.997810698683609276e-01
4.006444658617229204e-01
4.046294000904883115e-01
3.978191869109488077e-01
3.952252435333588609e-01
3.970662487666015705e-01
4.034988284492126986e-01
4.005115961327272434e-01
3.974864790811563076e-01
4.034219083121365346e-01
3.935690965036601763e-01
4.065130631941968331e-01
3.973960655043496937e-01
4.040660067744877293e-01
3.923641985182262371e-01
4.044176837824799420e-01
