1.449641691144470057e+00
1.008813107867374992e+00
8.336171041364255352e-01
7.189739537818352622e-01
6.283715976321179175e-01
5.624725528995094814e-01
5.127433688591813699e-01
4.743564661658938308e-01
4.407104469473709374e-01
4.095989384919481169e-01
3.862230173690849311e-01
3.699873786448212853e-01
3.500344984214324162e-01
3.309940334857272570e-01
3.164758463497356900e-01
3.054929298284413397e-01
2.889281046360044902e-01
2.827042603812864319e-01
2.663449944590058904e-01
2.555995816579255120e-01
2.534795418724684612e-01
2.411510946081422413e-01
2.308763485316120412e-01
2.253186260076130154e-01
2.199451828856602287e-01
2.209038707377660726e-01
2.113430120069962337e-01
2.029227783231783988e-01
2.055198231812023490e-01
1.921111419034735868e-01
1.902542800911704579e-01
1.857330928678097848e-01
1.774631592890490717e-01
1.800595921419008427e-01
1.776681475512816855e-01
1.695306347611615083e-01
1.700105347463389538e-01
1.643817206639844042e-01
1.645076194458910401e-01
1.651604886421614571e-01
1.579594203578236766e-01
1.584330349779494995e-01
1.524464869800278566e-01
1.490428780712892420e-01
1.502238547005464442e-01
1.511128412278564259e-01
1.419120439140083290e-01
1.408220057749687282e-01
1.467031752666853872e-01
1.431494504403885148e-01
