4.586399999999999921e-01
6.361799999999999677e-01
7.039800000000000502e-01
7.479999999999999982e-01
7.800799999999999956e-01
8.060599999999999987e-01
8.229800000000000448e-01
8.356999999999999984e-01
8.489999999999999769e-01
8.587000000000000188e-01
8.677000000000000268e-01
8.719000000000000083e-01
8.802400000000000224e-01
8.865600000000000147e-01
8.902799999999999603e-01
8.949599999999999778e-01
9.004199999999999982e-01
9.023600000000000509e-01
9.089800000000000102e-01
9.119000000000000439e-01
9.131000000000000227e-01
9.163400000000000434e-01
9.216600000000000348e-01
9.217199999999999838e-01
9.226199999999999957e-01
9.232399999999999496e-01
9.267600000000000282e-01
9.296799999999999509e-01
9.274599999999999511e-01
9.322399999999999576e-01
9.338999999999999524e-01
9.360000000000000542e-01
9.385400000000000409e-01
9.382800000000000029e-01
9.379999999999999449e-01
9.404799999999999827e-01
9.405999999999999917e-01
9.425400000000000444e-01
9.424400000000000555e-01
9.431399999999999784e-01
9.449400000000000022e-01
9.441599999999999993e-01
9.477400000000000269e-01
9.486999999999999877e-01
9.475599999999999579e-01
9.466200000000000170e-01
9.499999999999999556e-01
9.509999999999999565e-01
9.493399999999999617e-01
9.504000000000000226e-01
