2.111476580852638563e+00
1.095860122871805675e+00
9.235106659596408196e-01
8.446308981253902726e-01
7.870582053656263177e-01
7.576898887975892505e-01
7.283157878465997825e-01
7.108337041030305947e-01
6.966613979100673149e-01
6.639762402597521040e-01
6.672433716401870996e-01
6.575306131641494023e-01
6.332844374403516774e-01
6.265839481912950371e-01
6.342030428747124082e-01
6.298727794115477341e-01
6.163046279314484677e-01
6.006267382137810973e-01
6.007699367842440630e-01
5.916143065449525063e-01
5.856824020968317557e-01
5.805369925016025112e-01
5.652362533342609741e-01
5.769771847770666096e-01
5.629642721432358554e-01
5.623507146387974887e-01
5.681453113362733287e-01
5.606197677314408434e-01
5.549172117257676895e-01
5.394721815962273403e-01
5.417679023386826609e-01
5.417532334958058415e-01
5.370090479916854731e-01
5.443062316507164544e-01
5.313491291964231866e-01
5.301298395847715561e-01
5.325861843918432426e-01
5.271447354288243403e-01
5.246584093901139889e-01
5.097249887391194223e-01
5.194143872779569682e-01
5.143763756891811534e-01
5.157244378315614108e-01
5.178266974019088975e-01
5.219738694396354184e-01
5.131500021798778288e-01
5.053120922686448191e-01
5.087403961971624922e-01
5.059680436084519339e-01
5.006167071460406737e-01
