5.762500000000000400e-01
7.958833333333333870e-01
8.276166666666666671e-01
8.412833333333333830e-01
8.528166666666666673e-01
8.585833333333333650e-01
8.608166666666666744e-01
8.626000000000000334e-01
8.672333333333333005e-01
8.723666666666666236e-01
8.716166666666667062e-01
8.726000000000000423e-01
8.776000000000000467e-01
8.766833333333333700e-01
8.761166666666666547e-01
8.776333333333333764e-01
8.800666666666666638e-01
8.835333333333332817e-01
8.816666666666667096e-01
8.845833333333333881e-01
8.850833333333333330e-01
8.861999999999999877e-01
8.913166666666666460e-01
8.862833333333333119e-01
8.904333333333332989e-01
8.888500000000000290e-01
8.884166666666666323e-01
8.897500000000000409e-01
8.898500000000000298e-01
8.935166666666666258e-01
8.944499999999999673e-01
8.930000000000000160e-01
8.944333333333333025e-01
8.931499999999999995e-01
8.955333333333332924e-01
8.968000000000000416e-01
8.940333333333333465e-01
8.971833333333333327e-01
8.958166666666667055e-01
8.980500000000000149e-01
8.978833333333333666e-01
8.980833333333333446e-01
8.977833333333333776e-01
8.982499999999999929e-01
8.964999999999999636e-01
8.986166666666666192e-01
9.004166666666666430e-01
8.979666666666666908e-01
8.992833333333333234e-01
9.012166666666666659e-01
