1.298923450810060221e+00
6.017930624581603327e-01
4.880571673546773015e-01
4.481890865607556229e-01
4.294440976338091964e-01
4.126099779852417937e-01
3.948625080875242110e-01
3.861402156574131328e-01
3.803695167051449610e-01
3.761979893072327497e-01
3.668103678457772521e-01
3.615714474908832687e-01
3.615500278183138017e-01
3.573177771400541380e-01
3.509191452567256841e-01
3.435100705257611020e-01
2.974232336097180629e-01
2.867768143158731520e-01
2.826948270424088361e-01
2.801507154126157140e-01
2.769184535119070811e-01
2.755000569990703196e-01
2.735069256538013027e-01
2.655387312046754711e-01
2.687206086732430999e-01
2.672688668724824690e-01
2.593381525293342316e-01
2.634261171700857940e-01
2.625931259284395858e-01
2.603910589364291650e-01
2.620185530547902708e-01
2.614966887813895413e-01
2.584350290360735158e-01
2.614728457637941483e-01
2.587812307324490746e-01
2.621832672022044730e-01
2.627107307060695396e-01
2.581558751780341221e-01
2.581532211350733852e-01
2.613635057770112846e-01
2.592512344055846740e-01
2.599435498846619508e-01
2.566627203020205861e-01
2.629467429064992756e-01
2.649399891400388007e-01
2.590126880386999231e-01
2.568783169902209562e-01
2.641046771934545956e-01
2.581420128406491932e-01
2.595980821578487419e-01
