5.635166666666666657e-01
7.985666666666666469e-01
8.342666666666667119e-01
8.475333333333333607e-01
8.535333333333333661e-01
8.605333333333333723e-01
8.663499999999999535e-01
8.683333333333332904e-01
8.703666666666666218e-01
8.718166666666666842e-01
8.748000000000000220e-01
8.760999999999999899e-01
8.756000000000000449e-01
8.769166666666666776e-01
8.794333333333332892e-01
8.830333333333333368e-01
8.965833333333332877e-01
8.994499999999999718e-01
9.014833333333333032e-01
9.029666666666666952e-01
9.038666666666667071e-01
9.033833333333333160e-01
9.045666666666666300e-01
9.070333333333333581e-01
9.050333333333333563e-01
9.060666666666666869e-01
9.086333333333332929e-01
9.088000000000000522e-01
9.083499999999999908e-01
9.092333333333333378e-01
9.075666666666666327e-01
9.083833333333333204e-01
9.085666666666666336e-01
9.084333333333333149e-01
9.094833333333333103e-01
9.090500000000000247e-01
9.080833333333333535e-01
9.094333333333333158e-01
9.100500000000000256e-01
9.086166666666666281e-01
9.084333333333333149e-01
9.095499999999999696e-01
9.100500000000000256e-01
9.082999999999999963e-01
9.066833333333332856e-01
9.090000000000000302e-01
9.104499999999999815e-01
9.084499999999999797e-01
9.097499999999999476e-01
9.093999999999999861e-01
