1.250598335825303886e+00
6.113722399353727077e-01
5.032309237192434948e-01
4.528927994943631186e-01
4.319308939963769634e-01
4.162479158339978391e-01
4.102139563829914071e-01
3.978088817743858363e-01
3.810966422181648050e-01
3.760151443387399484e-01
3.733904897721845861e-01
3.702858170784358305e-01
3.594480659216960361e-01
3.572191886111363290e-01
3.596769869009823206e-01
3.482613085048285040e-01
3.494896406430934022e-01
2.955633299087664922e-01
2.849800890442659163e-01
2.851173708687967379e-01
2.837671354921387779e-01
2.746188440429630506e-01
2.721690648177793603e-01
2.729270433280259756e-01
2.653630400008992751e-01
2.687238906937113314e-01
2.691549281639331048e-01
2.663480753043312999e-01
2.624294442821667461e-01
2.609614592625388307e-01
2.576367108901934655e-01
2.541382317381626899e-01
2.509907975888201470e-01
2.487915908731123116e-01
2.502131987768195787e-01
2.499697677044472044e-01
2.477869738234894093e-01
2.466884253661769666e-01
2.494522346171743066e-01
2.506598977487224378e-01
2.519490937910862649e-01
2.490039515787604574e-01
2.497860941646704025e-01
2.528190882697796682e-01
2.534226789308001160e-01
2.482456209054633711e-01
2.481424778318608582e-01
2.518244796851550338e-01
2.499786789165631129e-01
2.547016317433893895e-01
