5.813500000000000334e-01
7.943000000000000060e-01
8.313166666666667037e-01
8.462666666666666115e-01
8.535166666666667012e-01
8.593333333333332824e-01
8.616833333333333567e-01
8.643499999999999517e-01
8.701333333333333142e-01
8.717500000000000249e-01
8.720833333333333215e-01
8.740499999999999936e-01
8.768166666666666886e-01
8.767666666666666941e-01
8.772666666666666391e-01
8.790999999999999925e-01
8.809166666666666812e-01
8.971500000000000030e-01
9.011333333333333417e-01
8.999833333333333574e-01
9.009166666666666989e-01
9.037666666666667181e-01
9.049666666666666970e-01
9.060166666666666924e-01
9.076999999999999513e-01
9.061833333333333407e-01
9.063666666666666538e-01
9.071166666666666822e-01
9.084999999999999742e-01
9.092666666666666675e-01
9.096499999999999586e-01
9.108666666666667133e-01
9.112000000000000099e-01
9.131333333333333524e-01
9.122333333333333405e-01
9.109166666666667078e-01
9.126333333333332964e-01
9.129333333333333744e-01
9.116166666666666307e-01
9.122333333333333405e-01
9.108833333333333782e-01
9.130000000000000338e-01
9.130000000000000338e-01
9.118500000000000494e-01
9.116833333333332900e-01
9.139166666666667105e-01
9.129833333333333689e-01
9.117166666666666197e-01
9.120666666666666922e-01
9.108500000000000485e-01
