1.901188223346718387e-01
4.307151179431058241e-02
3.356040258065803167e-02
2.682009342758020706e-02
2.527881224579147865e-02
2.301372588847452189e-02
1.929266883188417853e-02
1.907842970147395276e-02
1.841352371571422855e-02
1.802300667039740192e-02
1.677037415919757982e-02
1.503593437778237216e-02
1.483692159329646348e-02
1.455927459495281150e-02
1.362108079920600241e-02
1.417023930966711080e-02
1.368288436918450000e-02
1.221501153309458194e-02
1.256553337984740205e-02
1.459860582195563958e-02
1.427793696382220062e-02
1.217727683884685386e-02
1.178157443542088983e-02
1.253668796956173767e-02
1.202370945278849121e-02
1.145409455789483423e-02
1.128246190710497678e-02
1.219743193589649388e-02
1.193846125470430716e-02
1.279228809177935036e-02
1.083712988924771282e-02
9.849954542563930590e-03
1.223638000855120991e-02
9.561878059735533578e-03
1.112751024594006190e-02
1.158252915877328558e-02
9.995728123760315095e-03
1.054612365095808704e-02
1.055236030886295279e-02
1.097026430748041653e-02
1.097831416399533931e-02
1.087320832955613291e-02
1.155965417503877768e-02
9.548321207200905977e-03
1.015152760246681302e-02
1.212140725649295606e-02
1.098320006112655373e-02
8.772925326679108238e-03
8.682568346200856060e-03
9.501213554790846616e-03
