9.433333333333333570e-01
9.873666666666666147e-01
9.901499999999999746e-01
9.919333333333333336e-01
9.920499999999999874e-01
9.929833333333333290e-01
9.939999999999999947e-01
9.938833333333333409e-01
9.942666666666666320e-01
9.945333333333333803e-01
9.951666666666666439e-01
9.957666666666666888e-01
9.956833333333333647e-01
9.955000000000000515e-01
9.963666666666666227e-01
9.958166666666666833e-01
9.959000000000000075e-01
9.966166666666667062e-01
9.959666666666666668e-01
9.957500000000000240e-01
9.958000000000000185e-01
9.965000000000000524e-01
9.965833333333333766e-01
9.963499999999999579e-01
9.964499999999999469e-01
9.967000000000000304e-01
9.967833333333333545e-01
9.963999999999999524e-01
9.963499999999999579e-01
9.960666666666666558e-01
9.970499999999999918e-01
9.972166666666666401e-01
9.964499999999999469e-01
9.970333333333333270e-01
9.968666666666666787e-01
9.966666666666667007e-01
9.972499999999999698e-01
9.970999999999999863e-01
9.969999999999999973e-01
9.967833333333333545e-01
9.967833333333333545e-01
9.970166666666666622e-01
9.965000000000000524e-01
9.970999999999999863e-01
9.969999999999999973e-01
9.964333333333332821e-01
9.969833333333333325e-01
9.977333333333333609e-01
9.975666666666667126e-01
9.974166666666666181e-01
